1.20   108.5
1.30	-7.9
1.40	-77.8
1.50	-117.90
1.60	-139.00
1.70	-148.06
1.80	-149.61
1.90	-146.51
2.00	-140.68
2.10	-133.34
2.20	-125.31
2.30	-117.10
2.40	-109.05
2.50	-101.36
2.60	-94.18
2.70	-87.61
2.80	-81.72
2.90	-76.53
3.00	-72.00
3.10	-68.07
3.20	-64.67
3.30	-61.75
3.40	-59.23
3.50	-57.06
3.60	-55.18
3.70	-53.55
3.80	-52.14
3.90	-50.92
4.00	-49.87
4.10	-48.95
4.20	-48.15
4.30	-47.47
4.40	-46.87
4.50	-46.35
4.60	-45.91
4.70	-45.52
4.80	-45.19
4.90	-44.91
5.00	-44.68
5.10	-44.48
5.20	-44.31
5.30	-44.18
5.40	-44.07
5.50	-43.98
5.60	-43.92
5.70	-43.87
5.80	-43.84
5.90	-43.82
6.00	-43.82
